{"object":{"uuid":"B6BEBD25-292C-4ECC-9729-2C0233CBC257","objectType":"Scene","name":"Forest Lights","matrix":[1,0,0,0,0,1,0,0,0,0,1,0,0,0,0,1],"layers":1,"children":[{"uuid":"8D4F4CA9-2EC0-43B3-BC87-85848F8EE970","objectType":"CombinedCamera","name":"Camera","matrix":[0.9838963145149207,0.04662532882556756,-0.17255179221283293,0,-0.08702017298404728,0.9681951556881538,-0.23457542496138126,0,0.15612665300255232,0.2458133829023428,0.9566609895926149,0,54.312312628313094,84.67546423369802,1219.3689886249742,1],"layers":1,"children":[{"uuid":"E3F6D54D-4262-4F48-815D-87A431E15474","type":"DirectionalLight","name":"Default Directional Light","visible":false,"layers":1,"matrix":[1,0,0,0,0,1,0,0,0,0,1,0,850000,1300000,1000000,1],"color":16777215,"intensity":-1.393,"shadow":{"camera":{"uuid":"A365B353-F1AA-4566-BF6A-A7B546E473F0","type":"OrthographicCamera","layers":1,"zoom":1,"left":-5,"right":5,"top":5,"bottom":-5,"near":0.5,"far":500}}}],"hiddenMatrix":[1,0,0,0,0,1,0,0,0,0,1,0,0,0,0,1],"interaction":{"uuid":"F273720D-4DB3-4EDA-B094-718F56BC707E","selectedState":0,"states":["A4FFB1B2-2F39-40B7-83C4-C64443131251","EC869963-E34D-46C3-AA98-87B5C2FAD317"],"events":[{"type":7,"ui":{"isCollapsed":false},"targets":[{"easing":4,"duration":10000,"delay":0,"cubicControls":[0.5,0.05,0.1,0.3],"springParameters":{"mass":1,"stiffness":80,"damping":10,"velocity":0},"object":"8D4F4CA9-2EC0-43B3-BC87-85848F8EE970","state":"EC869963-E34D-46C3-AA98-87B5C2FAD317"}]}]},"enableHelper":true,"cameraType":"PerspectiveCamera","targetOffset":1228.9654008179878,"isUpVectorFlipped":false,"angleOffsetFromUp":0.04811977813525021,"left":-960,"right":960,"top":528.5,"bottom":-528.5,"zoomOrtho":1,"nearOrtho":50,"far":50000,"aspect":1.816461684011353,"fov":45,"focus":10,"filmGauge":35,"filmOffset":0,"zoomPersp":1,"nearPersp":50},{"uuid":"130EB486-BF3F-4CE3-8B59-95A34BF3DEE6","objectType":"Mesh3D","name":"Light Sphere","matrix":[0.9743700647852352,0.224951054343865,0,0,-0.224951054343865,0.9743700647852352,0,0,0,0,1,0,-81.85051823956734,-12.048138567905493,-45.89282146063596,1],"layers":1,"children":[{"uuid":"11C04E7B-8819-48C1-9C7E-CDF4B64F8126","objectType":"LightPoint","name":"Point Light","matrix":[1,0,0,0,0,1,0,0,0,0,1,0,-74.58185330863203,-9.06389423355931,-36.11991123606579,1],"castShadow":true,"layers":1,"hiddenMatrix":[0.9743700647852352,-0.224951054343865,0,0,0.224951054343865,0.9743700647852352,0,0,0,0,1,0,73.87730519198972,-6.673014819630858,45.89282146063604,1],"interaction":{"uuid":"CEEA36F4-88DB-46AE-96CC-0171F50893A5"},"enableHelper":true,"color":16733268,"intensity":12,"distance":10000,"decay":56.22,"shadow":{"mapSize":[1024,1024],"camera":{"uuid":"28237134-79B3-420C-965B-7F64D8ADC9EB","type":"PerspectiveCamera","layers":1,"fov":90,"zoom":1,"near":100,"far":10000,"focus":10,"aspect":1,"filmGauge":35,"filmOffset":0}}}],"hiddenMatrix":[1,0,0,0,0,1,0,0,0,0,1,0,0,0,0,1],"interaction":{"uuid":"C3EEE024-02CE-4257-AA45-00A0BD5B9F29"},"geometry":"2B628FBF-04CD-4BE9-89BA-0912D90EFD97","material":"DC72DEC0-CE49-42AB-9971-C5A62A0BAD98"},{"uuid":"49A94B5C-ED3B-4AD3-9CE7-102164EF2140","objectType":"LightDirectional","name":"Directional Light","matrix":[1,0,0,0,0,1,0,0,0,0,1,0,-115.27865579668904,190.37440879784168,0,1],"layers":1,"hiddenMatrix":[1,0,0,0,0,1,0,0,0,0,1,0,0,0,0,1],"interaction":{"uuid":"691D26D3-E89C-4D19-8B03-CC4FBB099C88"},"enableHelper":true,"color":8555666,"intensity":1,"shadow":{"mapSize":[1024,1024],"camera":{"uuid":"BE46ED9A-27C8-4A84-9B3A-5F33F6B249CC","type":"OrthographicCamera","layers":1,"zoom":1,"left":-5252.5,"right":5252.5,"top":5252.5,"bottom":-5252.5,"near":1,"far":2500}}},{"uuid":"ABF86646-0BCF-41BD-979B-6F57F91B9416","objectType":"SubdivObject","name":"river","matrix":[1.1710545741829659,0,0,0,0,2.220446049250313e-16,-1,0,0,1,2.220446049250313e-16,0,40.48881787112811,961.3058054192102,190.3583249482199,1],"castShadow":true,"receiveShadow":true,"layers":1,"hiddenMatrix":[0.0553075354469226,0,0,0,0,0.056340360265868764,0,0,0,0,0.06008735056606293,0,36.760493929952666,-357.9140867924241,233.12353215241933,1.0000000000000002],"interaction":{"uuid":"A89E7215-B1BA-4E5A-9FE4-7D00A14F938B"},"geometry":"914AEAFC-6A19-49BE-ACF2-56345CA9B624","material":"06527941-3F2A-4358-86C5-CE9A05EEF4C0"},{"uuid":"6EB08E0B-A7D1-4EFE-BBA3-5368CB7A18F0","objectType":"EmptyObject","name":"floor","matrix":[1,0,0,0,0,1,0,0,0,0,1,0,12.530026584733033,1489.5437249739568,6589.196454438306,1],"layers":1,"children":[{"uuid":"CE8B0BB4-F1E9-4AF6-B53A-2318883091AA","objectType":"SubdivObject","name":"Subdiv 27","matrix":[-1.8424044047030486,-3.231342795320548e-15,0.2185453661175647,0,0.09037502737395683,-3.407188210019106e-16,0.7618891741651725,0,-1.0565102213268627e-15,0.626580943418045,3.4782229508703303e-16,0,-1921.0385900835659,312.26815753812355,-17463.306256950873,1],"castShadow":true,"receiveShadow":true,"layers":1,"hiddenMatrix":[1,0,0,0,0,1,0,0,0,0,1.0000000000000002,0,-12.530026584732752,-1489.5437249739562,-6589.1964544383045,1.0000000000000002],"interaction":{"uuid":"98CB347E-6B53-4761-88B5-EA9B6EAFCD4D"},"geometry":"32339521-8475-4E45-8713-E8E0FE17275A","material":"0CBD7299-027D-431F-BBED-745BC18184A5"},{"uuid":"DC9A7675-ED2D-422B-B57B-6A8555339D04","objectType":"SubdivObject","name":"Subdiv 26","matrix":[-1.8424044047030486,-3.231342795320548e-15,0.2185453661175647,0,0.09037502737395683,-3.407188210019106e-16,0.7618891741651725,0,-1.0565102213268627e-15,0.626580943418045,3.4782229508703303e-16,0,-4289.345407142097,491.44762283545367,-13117.821195649409,1],"castShadow":true,"receiveShadow":true,"layers":1,"hiddenMatrix":[1,0,0,0,0,1,0,0,0,0,1.0000000000000002,0,-12.530026584732752,-1489.5437249739562,-6589.1964544383045,1.0000000000000002],"interaction":{"uuid":"83393F40-FE69-47BB-8D99-403D889830C2"},"geometry":"DC2C2D09-3C65-47F6-85A3-F77DD5951061","material":"0CBD7299-027D-431F-BBED-745BC18184A5"},{"uuid":"24CB649B-2B13-470B-9B6C-CABD1D574638","objectType":"SubdivObject","name":"Subdiv 15","matrix":[-1.8424044047030486,-3.231342795320548e-15,0.2185453661175647,0,0.09037502737395683,-3.407188210019106e-16,0.7618891741651725,0,-1.0565102213268627e-15,0.626580943418045,3.4782229508703303e-16,0,4748.865421039531,282.9149757961942,-10187.829282543405,1],"castShadow":true,"receiveShadow":true,"layers":1,"hiddenMatrix":[1,0,0,0,0,1,0,0,0,0,1.0000000000000002,0,-12.530026584732752,-1489.5437249739562,-6589.1964544383045,1.0000000000000002],"interaction":{"uuid":"B51F485F-CC63-4E81-B0E7-E266E04B4F17"},"geometry":"E8BE939D-A7D0-4323-A44A-B0CC1F81707F","material":"0CBD7299-027D-431F-BBED-745BC18184A5"},{"uuid":"01C402FB-AB56-42D0-B349-08910E286E46","objectType":"SubdivObject","name":"Subdiv 13","matrix":[-0.697839219049686,-2.059820108570832e-16,-1.7190801295683287,0,-0.7108909080423592,-1.3628752840076406e-15,0.2885773313093746,0,-8.246946598737646e-16,0.5305849375574178,2.3562704567821846e-16,0,-4626.9700279905055,228.1633387159485,-6245.324696384547,1],"castShadow":true,"receiveShadow":true,"layers":1,"hiddenMatrix":[1,0,0,0,0,1,0,0,0,0,1.0000000000000002,0,-12.530026584732752,-1489.5437249739562,-6589.1964544383045,1.0000000000000002],"interaction":{"uuid":"D16080BF-9AC4-49B4-91ED-83A2788C3F2A"},"geometry":"39A3BE96-A946-4FEA-BAEB-67E155CE8021","material":"0CBD7299-027D-431F-BBED-745BC18184A5"},{"uuid":"D4079EA1-EEED-41B5-9B39-79FAF5126735","objectType":"SubdivObject","name":"Subdiv 18","matrix":[1.2793277623743047,1.4180217640907128e-15,0.07005391657453024,0,0.02896938397984777,5.294092688744455e-16,-0.5290401878511845,0,-4.2459466547254835e-16,0.36641041958431986,3.2543782742806103e-16,0,3310.5846718242315,416.8765022469138,516.4268361550082,1],"castShadow":true,"receiveShadow":true,"layers":1,"hiddenMatrix":[1,0,0,0,0,1,0,0,0,0,1.0000000000000002,0,-12.530026584732752,-1489.5437249739562,-6589.1964544383045,1.0000000000000002],"interaction":{"uuid":"D7FCC9A4-033F-4A10-BD11-7C6A92ED99B3"},"geometry":"1742A476-6EC8-4269-97C8-8F132E48226D","material":"0CBD7299-027D-431F-BBED-745BC18184A5"},{"uuid":"92CDADFC-D9FC-441B-9603-110CEBEBE8E1","objectType":"SubdivObject","name":"Subdiv 8","matrix":[-0.21005539098845707,6.179460325712464e-16,-1.84339165676673,0,-0.7622974323399757,-1.3628752840076337e-15,0.08686416943023686,0,-7.952412791639833e-16,0.5305849375574152,2.356270456782173e-16,0,-4298.55613877849,416.8765022469054,554.9460515495825,1],"castShadow":true,"receiveShadow":true,"layers":1,"hiddenMatrix":[1,0,0,0,0,1,0,0,0,0,1.0000000000000002,0,-12.530026584732752,-1489.5437249739562,-6589.1964544383045,1.0000000000000002],"interaction":{"uuid":"2722A2F9-B6D5-4DC3-BCDC-2D6492F99F6E"},"geometry":"130C0B05-6C38-458B-B46B-3D54ACB0E689","material":"0CBD7299-027D-431F-BBED-745BC18184A5"},{"uuid":"88A30D0B-686F-4EE7-A402-ED9E917750B0","objectType":"SubdivObject","name":"Subdiv 17","matrix":[-0.04750184574416815,0.09440291239053175,7.002840116923225,0,1.2775221511580908,-0.0018242860962413014,0.008690313796043778,0,0.0015170531816473003,0.9983111496018708,-0.01344760348598549,0,4481.9435902547575,900.5858170877025,5007.551299527614,1],"castShadow":true,"receiveShadow":true,"layers":1,"hiddenMatrix":[0.9838366244852783,0.0000015533487080299571,0.00003827679018433889,0,0.0000015460979314939165,1.0000007061602554,-0.00023024046161517977,0,0.00003772860576227906,-0.0002302404176526881,0.9829241660371095,0,-20.659195381128086,-1489.8459270663625,-6611.623113448664,1.0000000000000002],"interaction":{"uuid":"05735DAC-DE3D-4BF3-96A5-AB9492157AAE"},"geometry":"64860252-F528-48BA-98ED-0E04435FD01F","material":"0CBD7299-027D-431F-BBED-745BC18184A5"},{"uuid":"0B39DA0A-6A4E-43A5-985E-3CC3D653498D","objectType":"SubdivObject","name":"Subdiv 25","matrix":[-0.08214307805062512,-0.09420161843905873,-7.002522160494696,0,-1.2774636626021083,0.0021427276159872066,0.014956460905689509,0,0.0015170531816450284,0.9983111496018711,-0.013447603485985494,0,-3458.6132030950207,456.64559160117574,-29063.594659479306,1],"castShadow":true,"receiveShadow":true,"layers":1,"hiddenMatrix":[0.9717159246845378,0.000017579981341476385,-0.00016040524835768,0,0.00001729566604772594,0.9999999586804971,1.1822288423397889e-7,0,-0.00016000641392382826,1.1958740147970104e-7,0.9999990879072173,0,-24.120415847664447,-1489.538874361995,-6589.258907420302,1.0000000000000002],"interaction":{"uuid":"E28BFDBF-9A31-43FF-9F6F-62CF53E3FE99"},"geometry":"9A16F322-183C-4769-A427-C8D9CC5D1356","material":"0CBD7299-027D-431F-BBED-745BC18184A5"},{"uuid":"A36C93DA-03FD-4AD6-BAB3-1BB187C8AE24","objectType":"SubdivObject","name":"Subdiv 24","matrix":[-0.08214307805062512,-0.09420161843905873,-7.002522160494696,0,-1.2774636626021083,0.0021427276159872066,0.014956460905689509,0,0.0015170531816450284,0.9983111496018711,-0.013447603485985494,0,-3397.5718912177945,526.5072683589457,-23873.28391307871,1],"castShadow":true,"receiveShadow":true,"layers":1,"hiddenMatrix":[0.9717159246845378,0.000017579981341476385,-0.00016040524835768,0,0.00001729566604772594,0.9999999586804971,1.1822288423397889e-7,0,-0.00016000641392382826,1.1958740147970104e-7,0.9999990879072173,0,-24.120415847664447,-1489.538874361995,-6589.258907420302,1.0000000000000002],"interaction":{"uuid":"3372538C-BA0C-4CF5-B76A-864212F233BE"},"geometry":"73C5A19A-75E5-45D1-AFD4-AC3C2E70C1FA","material":"0CBD7299-027D-431F-BBED-745BC18184A5"},{"uuid":"7A2BE98A-3D1A-4EC0-B76A-F71170FCA0E9","objectType":"SubdivObject","name":"Subdiv 23","matrix":[-0.08214307805062666,-0.09420161843905717,-7.002522160494697,0,-1.2774636626021085,0.002142727615986923,0.014956460905689509,0,0.0015170531816450282,0.9983111496018712,-0.013447603485985492,0,-11193.576951042562,539.5860808318165,-23782.035619700357,1],"castShadow":true,"receiveShadow":true,"layers":1,"hiddenMatrix":[0.9717159246845378,0.000017579981341476385,-0.00016040524835768,0,0.00001729566604772594,0.9999999586804971,1.1822288423397889e-7,0,-0.00016000641392382826,1.1958740147970104e-7,0.9999990879072173,0,-24.120415847664447,-1489.538874361995,-6589.258907420302,1.0000000000000002],"interaction":{"uuid":"2ADAEEED-16BA-460F-A776-AFF6FA1E6284"},"geometry":"971AEF04-F8B8-4BE5-B4E9-243BA96B8F0B","material":"0CBD7299-027D-431F-BBED-745BC18184A5"},{"uuid":"F3B2A297-0AD9-401D-ADEE-27DD61796870","objectType":"SubdivObject","name":"Subdiv 28","matrix":[-0.08214307805062512,-0.09420161843905873,-7.002522160494696,0,-1.2774636626021083,0.0021427276159872066,0.014956460905689509,0,0.0015170531816450284,0.9983111496018711,-0.013447603485985494,0,-16048.891828254098,657.4113053914218,-15586.746299777624,1],"castShadow":true,"receiveShadow":true,"layers":1,"hiddenMatrix":[0.9717159246845378,0.000017579981341476385,-0.00016040524835768,0,0.00001729566604772594,0.9999999586804971,1.1822288423397889e-7,0,-0.00016000641392382826,1.1958740147970104e-7,0.9999990879072173,0,-24.120415847664447,-1489.538874361995,-6589.258907420302,1.0000000000000002],"interaction":{"uuid":"A47D277F-F8A1-4AF3-8415-654E03CB713C"},"geometry":"D7DA51E7-E852-4597-8AFD-7AD5C7EFFEA6","material":"0CBD7299-027D-431F-BBED-745BC18184A5"},{"uuid":"75802890-CB47-461B-BC20-D4F5E4F1DF1C","objectType":"SubdivObject","name":"Subdiv 29","matrix":[5.93721824264638,-0.05905681410497657,-3.714416491227449,0,-0.6776399063854757,-0.013557847713311477,-1.082941382676154,0,0.0015170531816450332,0.9983111496018744,-0.013447603485986424,0,-15803.329372144619,941.8207223633331,-8684.055896892598,1],"castShadow":true,"receiveShadow":true,"layers":1,"hiddenMatrix":[0.9717159246845378,0.000017579981341476385,-0.00016040524835768,0,0.00001729566604772594,0.9999999586804971,1.1822288423397889e-7,0,-0.00016000641392382826,1.1958740147970104e-7,0.9999990879072173,0,-24.120415847664447,-1489.538874361995,-6589.258907420302,1.0000000000000002],"interaction":{"uuid":"317E3DF0-B24A-41B5-9711-23E98A99E199"},"geometry":"87497AC2-EAEF-484F-8223-A46C61AB9793","material":"0CBD7299-027D-431F-BBED-745BC18184A5"},{"uuid":"271BBC93-6BDD-4413-B443-465A2954DD5C","objectType":"SubdivObject","name":"Subdiv 21","matrix":[-0.08214307805062666,-0.09420161843905717,-7.002522160494697,0,-1.2774636626021085,0.002142727615986923,0.014956460905689509,0,0.0015170531816450282,0.9983111496018712,-0.013447603485985492,0,-11021.178355324686,737.3280727560608,-9089.742072458008,1],"castShadow":true,"receiveShadow":true,"layers":1,"hiddenMatrix":[0.9717159246845378,0.000017579981341476385,-0.00016040524835768,0,0.00001729566604772594,0.9999999586804971,1.1822288423397889e-7,0,-0.00016000641392382826,1.1958740147970104e-7,0.9999990879072173,0,-24.120415847664447,-1489.538874361995,-6589.258907420302,1.0000000000000002],"interaction":{"uuid":"B324425F-DA7B-48EE-A043-A441259AEFBC"},"geometry":"080A5F33-9D46-4130-8C21-A4A578F699A9","material":"0CBD7299-027D-431F-BBED-745BC18184A5"},{"uuid":"075F6E5C-297F-48B7-983F-602755C1A03A","objectType":"SubdivObject","name":"Subdiv 20","matrix":[-0.08214307805062666,-0.09420161843905717,-7.002522160494697,0,-1.2774636626021085,0.002142727615986923,0.014956460905689509,0,0.0015170531816450282,0.9983111496018712,-0.013447603485985492,0,6292.946263522692,708.2813767516163,-9292.395137801896,1],"castShadow":true,"receiveShadow":true,"layers":1,"hiddenMatrix":[0.9717159246845378,0.000017579981341476385,-0.00016040524835768,0,0.00001729566604772594,0.9999999586804971,1.1822288423397889e-7,0,-0.00016000641392382826,1.1958740147970104e-7,0.9999990879072173,0,-24.120415847664447,-1489.538874361995,-6589.258907420302,1.0000000000000002],"interaction":{"uuid":"2343F78F-3AB4-48A8-8C45-A58147FA7B0D"},"geometry":"38A55326-8E5E-4EC7-BB19-561C033D9B59","material":"0CBD7299-027D-431F-BBED-745BC18184A5"},{"uuid":"28FA96C2-FF6E-4293-AA36-43242C9457A1","objectType":"SubdivObject","name":"Subdiv 34","matrix":[-6.859198785572985,0.02948028520418029,1.414729999394422,0,0.2581135611993083,0.016460507544154724,1.2510987720758338,0,0.0015170531816454582,0.9983111496018713,-0.013447603485985053,0,-16466.90875182732,666.7297581826634,-17810.929718921085,1],"castShadow":true,"receiveShadow":true,"layers":1,"hiddenMatrix":[0.9717159246845378,0.000017579981341476385,-0.00016040524835768,0,0.00001729566604772594,0.9999999586804971,1.1822288423397889e-7,0,-0.00016000641392382826,1.1958740147970104e-7,0.9999990879072173,0,-24.120415847664447,-1489.538874361995,-6589.258907420302,1.0000000000000002],"interaction":{"uuid":"C9563AE0-AC13-4897-8F13-8FDFDCE65A26"},"geometry":"5C098FB7-0703-44A0-A04C-5A6742C3B666","material":"0CBD7299-027D-431F-BBED-745BC18184A5"},{"uuid":"48566E4A-8644-4D71-9A04-7856BA0D35FA","objectType":"SubdivObject","name":"Subdiv 33","matrix":[-6.859198785572985,0.02948028520418029,1.414729999394422,0,0.2581135611993083,0.016460507544154724,1.2510987720758338,0,0.0015170531816454582,0.9983111496018713,-0.013447603485985053,0,-4971.210149273741,617.3133188575208,-20181.25471321618,1],"castShadow":true,"receiveShadow":true,"layers":1,"hiddenMatrix":[0.9717159246845378,0.000017579981341476385,-0.00016040524835768,0,0.00001729566604772594,0.9999999586804971,1.1822288423397889e-7,0,-0.00016000641392382826,1.1958740147970104e-7,0.9999990879072173,0,-24.120415847664447,-1489.538874361995,-6589.258907420302,1.0000000000000002],"interaction":{"uuid":"1B75D821-0178-4ADA-A117-EB6B30E74C99"},"geometry":"131D04F3-3AAC-4354-BA79-803AB110E036","material":"0CBD7299-027D-431F-BBED-745BC18184A5"},{"uuid":"3F1FA2C6-9DE7-4DF6-94EA-E71AD791A707","objectType":"SubdivObject","name":"Subdiv 32","matrix":[-6.8591987855729775,0.029480285204179574,1.4147299993944211,0,0.25811356119930845,0.016460507544154724,1.2510987720758338,0,0.001517053181645361,0.9983111496018713,-0.013447603485985053,0,10184.272059509647,581.3616581599786,-21139.719491221244,1],"castShadow":true,"receiveShadow":true,"layers":1,"hiddenMatrix":[0.9717159246845378,0.000017579981341476385,-0.00016040524835768,0,0.00001729566604772594,0.9999999586804971,1.1822288423397889e-7,0,-0.00016000641392382826,1.1958740147970104e-7,0.9999990879072173,0,-24.120415847664447,-1489.538874361995,-6589.258907420302,1.0000000000000002],"interaction":{"uuid":"1DAF4692-8256-45D4-B3E2-051CCD325EAF"},"geometry":"1F290BD2-8268-408E-9E06-6F139E41F552","material":"0CBD7299-027D-431F-BBED-745BC18184A5"},{"uuid":"84B9B466-5C29-40F6-A1DE-7FA0209D24C6","objectType":"SubdivObject","name":"Subdiv 31","matrix":[-0.08214307805062666,-0.09420161843905717,-7.002522160494697,0,-1.2774636626021085,0.002142727615986923,0.014956460905689509,0,0.0015170531816450282,0.9983111496018712,-0.013447603485985492,0,20710.61318225637,1109.2262889245098,-21270.260191174195,1],"castShadow":true,"receiveShadow":true,"layers":1,"hiddenMatrix":[0.9717159246845378,0.000017579981341476385,-0.00016040524835768,0,0.00001729566604772594,0.9999999586804971,1.1822288423397889e-7,0,-0.00016000641392382826,1.1958740147970104e-7,0.9999990879072173,0,-24.120415847664447,-1489.538874361995,-6589.258907420302,1.0000000000000002],"interaction":{"uuid":"6873BED2-4AE4-4731-AAB9-0C3660907937"},"geometry":"56869E45-10C0-483C-B933-8D8467C7410B","material":"0CBD7299-027D-431F-BBED-745BC18184A5"},{"uuid":"1AE94CDD-C158-4C26-9876-7CD793249BBB","objectType":"SubdivObject","name":"Subdiv 30","matrix":[-0.08214307805062666,-0.09420161843905717,-7.002522160494697,0,-1.2774636626021085,0.002142727615986923,0.014956460905689509,0,0.0015170531816450282,0.9983111496018712,-0.013447603485985492,0,14870.72588466256,1962.4923891786743,-10450.91866095009,1],"castShadow":true,"receiveShadow":true,"layers":1,"hiddenMatrix":[0.9717159246845378,0.000017579981341476385,-0.00016040524835768,0,0.00001729566604772594,0.9999999586804971,1.1822288423397889e-7,0,-0.00016000641392382826,1.1958740147970104e-7,0.9999990879072173,0,-24.120415847664447,-1489.538874361995,-6589.258907420302,1.0000000000000002],"interaction":{"uuid":"976C3527-6546-4AAF-9A0D-9A0527E30D3E"},"geometry":"C7FD07DB-434C-4B1E-AA38-D79096282FC5","material":"0CBD7299-027D-431F-BBED-745BC18184A5"},{"uuid":"98603AE1-EB1F-4573-997E-6AFFE6A6DDFF","objectType":"SubdivObject","name":"Subdiv 19","matrix":[-0.08214307805062512,-0.09420161843905873,-7.002522160494696,0,-1.2774636626021083,0.0021427276159872066,0.014956460905689509,0,0.0015170531816450284,0.9983111496018711,-0.013447603485985494,0,6382.028548201447,810.4591720183856,-1700.5521131572975,1],"castShadow":true,"receiveShadow":true,"layers":1,"hiddenMatrix":[0.9717159246845378,0.000017579981341476385,-0.00016040524835768,0,0.00001729566604772594,0.9999999586804971,1.1822288423397889e-7,0,-0.00016000641392382826,1.1958740147970104e-7,0.9999990879072173,0,-24.120415847664447,-1489.538874361995,-6589.258907420302,1.0000000000000002],"interaction":{"uuid":"83F3A9C2-EEA5-40CA-9ED4-33279B495120"},"geometry":"E15D6605-F832-473D-9602-A6130EE46E29","material":"0CBD7299-027D-431F-BBED-745BC18184A5"},{"uuid":"BD892480-D80E-40F7-845C-CD75E9A8CBF7","objectType":"SubdivObject","name":"Subdiv 16","matrix":[-0.04750184574416815,0.09440291239053175,7.002840116923225,0,1.2775221511580908,-0.0018242860962413014,0.008690313796043778,0,0.0015170531816473003,0.9983111496018708,-0.01344760348598549,0,4540.400557192311,823.0967475469387,-969.5600542288139,1],"castShadow":true,"receiveShadow":true,"layers":1,"hiddenMatrix":[0.9717159246845378,0.000017579981341476385,-0.00016040524835768,0,0.00001729566604772594,0.9999999586804971,1.1822288423397889e-7,0,-0.00016000641392382826,1.1958740147970104e-7,0.9999990879072173,0,-24.120415847664447,-1489.538874361995,-6589.258907420302,1.0000000000000002],"interaction":{"uuid":"12EF510B-00C8-42FC-B885-8F2B7769606C"},"geometry":"E2B77BE0-430B-4974-B018-6A8C15A854F3","material":"0CBD7299-027D-431F-BBED-745BC18184A5"},{"uuid":"6717A9DB-CFFA-467D-ADF9-C371DF39B7FC","objectType":"SubdivObject","name":"Subdiv 14","matrix":[-0.05588483045280996,0.11106285809630453,8.238680550018168,0,1.2775221511580908,-0.0018242860962413019,0.008690313796042858,0,0.0015170531816474117,0.9983111496018711,-0.013447603485985494,0,3791.846102610509,759.3826852566746,-5783.401027177239,1],"castShadow":true,"receiveShadow":true,"layers":1,"hiddenMatrix":[0.9838278387864791,-3.23188102085353e-17,-0.00007761540871019468,0,-2.877920262329047e-17,0.9999999837844965,-1.3809428574540404e-19,0,-0.00007761540871019205,-1.5509047518168952e-19,0.9999996510831158,0,-20.780119156472267,-1489.5437226752347,-6589.236075139204,1.0000000000000002],"interaction":{"uuid":"9DE88BC3-8D95-43F8-B893-9DA791A9C296"},"geometry":"C78D4F07-C36A-4B14-A3DF-EBC263178964","material":"0CBD7299-027D-431F-BBED-745BC18184A5"},{"uuid":"6D3147D3-0F3D-4A95-B640-E91D28756D1C","objectType":"SubdivObject","name":"Subdiv 12","matrix":[0.0558848304528069,-0.11106285809630437,-8.238680550018124,0,-1.277522151158081,0.001824286096241713,-0.008690313796042293,0,0.0015170531816476758,0.9983111496018627,-0.013447603485985603,0,-4357.591144962841,568.8450864179634,-10448.951184176663,1],"castShadow":true,"receiveShadow":true,"layers":1,"hiddenMatrix":[0.9838278387864791,-3.23188102085353e-17,-0.00007761540871019468,0,-2.877920262329047e-17,0.9999999837844965,-1.3809428574540404e-19,0,-0.00007761540871019205,-1.5509047518168952e-19,0.9999996510831158,0,-20.780119156472267,-1489.5437226752347,-6589.236075139204,1.0000000000000002],"interaction":{"uuid":"18AEC40D-1E68-4A1E-9BCD-20DD3BBACEDD"},"geometry":"3DA0018E-8EBD-4FD1-8B0F-6CF9C029E2C8","material":"0CBD7299-027D-431F-BBED-745BC18184A5"},{"uuid":"98FEC2E0-9667-4349-B067-F3719B4144F6","objectType":"SubdivObject","name":"Subdiv 10","matrix":[0.02871175183848289,-0.00019767918760025784,-6.03710393947892,0,-1.2796238632206247,-0.000055644922972099964,-0.006099417431734775,0,-0.000032639636915728997,1.0000325879619048,-0.00004359089850986361,0,-4384.878048648067,669.3749719466546,-4906.266254228264,1],"castShadow":true,"receiveShadow":true,"layers":1,"hiddenMatrix":[0.9838278387864791,-3.23188102085353e-17,-0.00007761540871019468,0,-2.877920262329047e-17,0.9999999837844965,-1.3809428574540404e-19,0,-0.00007761540871019205,-1.5509047518168952e-19,0.9999996510831158,0,-20.780119156472267,-1489.5437226752347,-6589.236075139204,1.0000000000000002],"interaction":{"uuid":"A0E8C0D7-E106-4A51-91D9-7E4E003C041F"},"geometry":"35BD34F7-8208-47C8-AC9D-52A96729BAD5","material":"0CBD7299-027D-431F-BBED-745BC18184A5"},{"uuid":"90D17B82-40D8-492F-9FA8-1CBD7DA9AC2C","objectType":"SubdivObject","name":"Subdiv 22","matrix":[0.02871175183848289,-0.00019767918760025784,-6.03710393947892,0,-1.2796238632206247,-0.000055644922972099964,-0.006099417431734775,0,-0.000032639636915728997,1.0000325879619048,-0.00004359089850986361,0,-4319.91888037879,540.660450343763,-458.5651089335524,1],"castShadow":true,"receiveShadow":true,"layers":1,"hiddenMatrix":[0.9838278387864791,-3.23188102085353e-17,-0.00007761540871019468,0,-2.877920262329047e-17,0.9999999837844965,-1.3809428574540404e-19,0,-0.00007761540871019205,-1.5509047518168952e-19,0.9999996510831158,0,-20.780119156472267,-1489.5437226752347,-6589.236075139204,1.0000000000000002],"interaction":{"uuid":"72981CA8-B13E-40DD-9DC3-309B275A2455"},"geometry":"95376D5C-D2A4-4332-9C10-342073F4A82B","material":"0CBD7299-027D-431F-BBED-745BC18184A5"},{"uuid":"F14FBEFE-0C41-4D7D-B2A7-E41A64CC6655","objectType":"SubdivObject","name":"Subdiv 11","matrix":[-0.28591416165093864,-7.037509731273576e-15,6.030202101428905,0,0.998877862394776,-8.88178419700143e-16,0.04736049004901682,0,7.771561172376308e-16,1.0000000000000273,1.110223024625187e-15,0,-4923.038112532056,616.5593290025244,16.602216793149353,1],"castShadow":true,"receiveShadow":true,"layers":1,"hiddenMatrix":[1,4.3296965193442477e-16,1.3877787807815865e-17,0,4.0444270445245246e-16,1.5204137180185087,5.777752920749324e-16,0,1.3877787807815883e-17,6.278742729036357e-16,1,0,-12.530026584732752,-1155.0150176123907,-6589.1964544383045,1.0000000000000002],"interaction":{"uuid":"5D44A260-71FB-438D-85A4-B88E15D80309"},"geometry":"83AFCBE2-8C46-47B1-9773-3EBF1808D202","material":"0CBD7299-027D-431F-BBED-745BC18184A5"},{"uuid":"50CC7E40-D8EC-4910-A858-0C64CFE12E9C","objectType":"SubdivObject","name":"Subdiv 9","matrix":[-0.28591416165093864,-7.037509731273576e-15,6.030202101428905,0,0.998877862394776,-8.88178419700143e-16,0.04736049004901682,0,7.771561172376308e-16,1.0000000000000273,1.110223024625187e-15,0,-4967.981816948616,923.9204232566901,5625.267602592338,1],"castShadow":true,"receiveShadow":true,"layers":1,"hiddenMatrix":[1,0,0,0,0,1,0,0,0,0,1.0000000000000002,0,-12.530026584732752,-1489.5437249739562,-6589.1964544383045,1.0000000000000002],"interaction":{"uuid":"A1052229-8C6E-48F3-B1CA-EDE39534695B"},"geometry":"05DD1D4F-738A-41CF-89FE-5FC5E16D49FB","material":"0CBD7299-027D-431F-BBED-745BC18184A5"},{"uuid":"A0F3DB32-4425-4139-9BB2-D40683D149FD","objectType":"SubdivObject","name":"Subdiv 6","matrix":[-6.004470881005508,5.026792665195277e-16,-0.6256306666597556,0,-0.10363311418926449,-8.881784197001321e-16,0.9946155929018259,0,0,1.0000000000000098,7.771561172376172e-16,0,-3693.1045222159028,1064.463345719747,2414.7066467913683,1],"castShadow":true,"receiveShadow":true,"layers":1,"hiddenMatrix":[0.9999999999999994,5.03604289963665e-19,-4.163336342344338e-17,0,4.930380657631324e-32,0.9454165043341929,-4.2419897556894455e-17,0,-5.551115123125783e-17,-4.868985886294815e-17,1,0,-12.530026584733662,-1533.174594179065,-6589.1964544383045,1],"interaction":{"uuid":"CC47DD1D-408F-4740-8623-C2FED6953F55"},"geometry":"3D81B123-CBD7-42E6-9102-65EC56A935A1","material":"0CBD7299-027D-431F-BBED-745BC18184A5"}],"hiddenMatrix":[0.059469084543760216,0,0,0,0,0.0594584336393615,0,0,0,0,0.059486566065513474,0,18.57302042185631,-356.88630056548305,235.4709706469626,1],"interaction":{"uuid":"659A4FAB-6978-446F-94EB-902E997D1E8C"},"enableHelper":true},{"uuid":"0D2D7946-6887-4415-9758-1A7FAAD1E6BF","objectType":"EmptyObject","name":"scene","matrix":[1,0,0,0,0,1,0,0,0,0,1.0000000000000004,0,3381.507878330233,3204.684667118727,-193462.04109802825,1],"layers":1,"children":[{"uuid":"95B90586-714F-4C7F-B4E8-C3E342C632BD","objectType":"SubdivObject","name":"fire","matrix":[0.04987291339441818,0.000007683666271890011,-0.0017620770287839211,0,-3.428152107889815e-19,0.06154515169205119,0.00026837215316342493,0,0.0023419919849772155,-0.00028904176464557984,0.06628526484868832,0,-1065.1985403903698,513.5684743012175,8130.029757160007,1],"castShadow":true,"receiveShadow":true,"layers":1,"hiddenMatrix":[1,0,0,0,0,1,0,0,0,0,1,0,207.16157603936244,-8700.278804895575,-12383.803054677526,1],"interaction":{"uuid":"93DC2717-6A31-4A1F-ABF8-6C7E0F4D1EE9"},"geometry":"F0B016A0-9501-4122-B268-BF9B1B8C91B4","material":"9D35ED4C-27B7-4501-AAF8-86380CC1A5BF"},{"uuid":"46CB7CF9-D158-4659-BCF5-EF7E45A67405","objectType":"EmptyObject","name":"phantom fire","matrix":[1,0,0,0,0,1,0,0,0,0,1,0,-560.8237922049329,677.404121744953,14721.73659406302,1],"layers":1,"children":[{"uuid":"594FE3D2-EE9F-40A3-BF17-6BCEC3F4B70C","objectType":"SubdivObject","name":"Subdiv 2","matrix":[-0.066434311515746,0.000027310250496505325,-0.0062629952092378115,0,-5.549085554396808e-19,0.07417506368648252,0.00032344581181926806,0,0.006372145005580761,0.00029473475825353835,-0.06759082561963133,0,146.99750808510095,322.39318765540486,12715.800911439914,1],"castShadow":true,"receiveShadow":true,"layers":1,"hiddenMatrix":[1,0,0,0,0,1,0,0,0,0,1,0,560.8237922049329,-526.7378209861641,-14721.73659406302,1],"interaction":{"uuid":"FD3D433C-F251-41C9-9222-E9DCB0B76DCD"},"geometry":"4C5D1397-F3E5-4762-8A08-E3F01DFB611C","material":"9D35ED4C-27B7-4501-AAF8-86380CC1A5BF"},{"uuid":"897EC593-F3E8-4A54-B896-C8FB24C1443D","objectType":"SubdivObject","name":"Subdiv 4","matrix":[-0.10134717735670797,0.0016436649308396993,-0.037681169886901386,0,-0.0011372088813743086,0.11180200501814991,0.007935474029486179,0,0.031653740226220646,0.006345088786213102,-0.0848590432406006,0,-2215.2884218518348,373.78807475047165,21428.719741915746,1],"castShadow":true,"receiveShadow":true,"layers":1,"hiddenMatrix":[1,0,0,0,0,1,0,0,0,0,1,0,560.8237922049329,-526.7378209861641,-14721.73659406302,1],"interaction":{"uuid":"A0220196-41EC-4E8B-9992-3111CFCB8D72"},"geometry":"25CA2965-224E-44EF-9A5D-664741E94308","material":"9D35ED4C-27B7-4501-AAF8-86380CC1A5BF"}],"hiddenMatrix":[1,0,0,0,0,1,0,0,0,0,1,0,207.16157603936244,-8700.278804895575,-12383.803054677526,1],"interaction":{"uuid":"FF18BCFB-37EB-4E65-B725-A262403E0727"},"enableHelper":true},{"uuid":"BB925021-400F-4ECB-A2D9-460DE01695B6","objectType":"EmptyObject","name":"menhires","matrix":[1,0,0,0,0,1,0,0,0,0,1,0,104.78130794773415,1376.9606794977633,304.29615903499143,1],"layers":1,"children":[{"uuid":"4E78977B-9FE5-4106-91B6-AD1524700A01","objectType":"EmptyObject","name":"Empty Object","matrix":[1,0,0,0,0,1,0,0,0,0,1,0,-217.8813960974527,-245.45351068319377,338.0545317566332,1],"layers":1,"children":[{"uuid":"FABF60DE-1B32-42D1-A2FB-A9DEC94F94EA","objectType":"Mesh3D","name":"Cylinder 5","matrix":[0.9730121129568672,-0.22810753469261358,0.034847964871794694,0,-0.21154566083738074,-0.8214633950295808,0.5295718308288093,0,0.09217299723955438,0.5226517418348002,0.84754899288296,0,-231.8513050822048,-273.614104128468,356.5932223219705,1],"castShadow":true,"receiveShadow":true,"layers":1,"hiddenMatrix":[1,0,0,0,0,1,0,0,0,0,1,0,217.8813960974527,245.45351068319377,-338.0545317566332,1],"interaction":{"uuid":"83C42576-0BD4-4799-BDA4-B2D1F0589230"},"geometry":"9854E144-D0C5-4A2B-9075-16A71263E405","material":"5F8ED698-EF91-4BB5-A9B4-0838A62651DE"},{"uuid":"3B43F2A0-C02B-42F2-83CD-ACF0A68D5ED1","objectType":"Mesh3D","name":"Cylinder 5","matrix":[0.9907850403210828,0.13179876868901327,-0.031210390065246583,0,0.12989686082715238,-0.8593687620833498,0.49458279013992884,0,-0.03836416848070915,0.49407936136556063,0.8685699599050021,0,-197.8191286424683,-242.9774961773602,353.3539390426065,1],"castShadow":true,"receiveShadow":true,"layers":1,"hiddenMatrix":[1,0,0,0,0,1,0,0,0,0,1,0,217.8813960974527,245.45351068319377,-338.0545317566332,1],"interaction":{"uuid":"A72C3F72-FA28-45DE-8712-378FAC755387"},"geometry":"B7868EA7-F1AA-44D8-A101-C5EE720ED30F","material":"5F8ED698-EF91-4BB5-A9B4-0838A62651DE"},{"uuid":"FF5C6013-A70A-4175-9BFE-02484090791D","objectType":"Mesh3D","name":"Cylinder 5","matrix":[0.9907850403210812,0.13179876868901283,-0.031210390065246472,0,0.13526195243808842,-0.9747622113543105,0.17760302795364655,0,0.007014848437499197,0.18018800150877656,0.9836071756619434,0,-238.2472368918524,-220.51602139175446,323.3194124727154,1],"castShadow":true,"receiveShadow":true,"layers":1,"hiddenMatrix":[1,0,0,0,0,1,0,0,0,0,1,0,217.8813960974527,245.45351068319377,-338.0545317566332,1],"interaction":{"uuid":"1CBE3C5B-3940-415B-8866-D22493E8AB35"},"geometry":"E0CC8791-DB5E-45CC-84E3-DFBFC6963610","material":"5F8ED698-EF91-4BB5-A9B4-0838A62651DE"},{"uuid":"52DED448-0855-47DB-84E6-9391B8EFF996","objectType":"Mesh3D","name":"Cylinder 6","matrix":[0.8902194237582306,0.4411492278362299,-0.11356379855880004,0,0.3045085171046313,-0.7617083719846919,-0.5719046415786494,0,0.3387977871449831,-0.4745394765748724,0.8124212851702598,0,-205.6627865922117,-208.6113510148102,316.3444083047822,1],"castShadow":true,"receiveShadow":true,"layers":1,"hiddenMatrix":[1,0,0,0,0,1,0,0,0,0,1,0,217.8813960974527,245.45351068319377,-338.0545317566332,1],"interaction":{"uuid":"B861DDDB-99BF-4781-BCFF-DAC400E47C45"},"geometry":"AB76CBA4-D0DA-4134-9A47-203D14977083","material":"5F8ED698-EF91-4BB5-A9B4-0838A62651DE"},{"uuid":"7007794E-0B00-41B8-823A-A5D70624076C","objectType":"Mesh3D","name":"Cylinder 5","matrix":[0.9070700321234889,0.4137685959534098,-0.07758547432514305,0,0.3906813887425024,-0.896020130888148,-0.2109880980847944,0,0.1568183959672554,-0.16106978005185146,0.9744046985930933,0,-202.16601812985095,-211.2793385461855,347.50588155075656,1],"castShadow":true,"receiveShadow":true,"layers":1,"hiddenMatrix":[1,0,0,0,0,1,0,0,0,0,1,0,217.8813960974527,245.45351068319377,-338.0545317566332,1],"interaction":{"uuid":"3AEBE726-38C7-41D6-996A-2EFD5A968706"},"geometry":"B4203221-7563-4193-8605-2D3135E5CE38","material":"5F8ED698-EF91-4BB5-A9B4-0838A62651DE"}],"hiddenMatrix":[16.81545979178731,0,0,0,0,16.81847197767416,0,0,0,0,16.81051817478731,0,-417.0951860635035,4625.321565778612,-4262.6851907305645,1.0000000000000002],"interaction":{"uuid":"76949C2F-1CD7-4CA0-A71E-38BBD2D760F2"},"enableHelper":true},{"uuid":"0961CC94-E015-44D9-B061-01F5FA269451","objectType":"EmptyObject","name":"Empty Object 8","matrix":[-0.3942011186898411,-0.042800048272262435,0.31196916805423847,0,-0.02137327172564992,0.49738950461739856,0.041231405217556236,0,-0.31731371209131265,0.019381684927922367,-0.3982953956844409,0,-316.48275856493797,-309.75476450220833,-227.16514046586278,1],"layers":1,"children":[{"uuid":"826FFC09-573D-4171-93BD-19D27BF2AC9D","objectType":"Mesh3D","name":"Cylinder 4","matrix":[0.9730121129568635,-0.2281075346926132,0.03484796487179473,0,-0.21154566083738122,-0.8214633950295808,0.5295718308288093,0,0.0921729972395545,0.5226517418348002,0.84754899288296,0,113.67932657866488,-279.31286342812774,183.70790185935198,1],"castShadow":true,"receiveShadow":true,"layers":1,"hiddenMatrix":[1,0,0,0,0,1,0,0,0,0,1,0,-128.65424842982858,245.45351068319374,-174.41050395316302,1],"interaction":{"uuid":"E0F30FBF-F9EE-415E-9CDF-294FB00E1249"},"geometry":"9EB95BC4-5606-4C94-B431-1CAA03FDE4BC","material":"F7F2902F-F93D-4783-A39E-DDFE2323EAEF"},{"uuid":"2C48A7AF-638A-4130-A4B8-FCCD2B1003EB","objectType":"Mesh3D","name":"Cylinder 3","matrix":[0.9907850403210842,0.1317987686890133,-0.031210390065246556,0,0.12989686082715238,-0.8593687620833509,0.4945827901399295,0,-0.03836416848070912,0.49407936136556063,0.8685699599050021,0,148.71651588481302,-242.9774961773602,189.7099112391363,1],"castShadow":true,"receiveShadow":true,"layers":1,"hiddenMatrix":[1,0,0,0,0,1,0,0,0,0,1,0,-128.65424842982858,245.45351068319374,-174.41050395316302,1],"interaction":{"uuid":"CE8375C1-CF68-4D4D-A30B-C55E41F33BB2"},"geometry":"966E584D-1060-400C-8C10-04475ACE4466","material":"C4BBAEEA-8CAA-44BD-98DB-92FBFF0E1FC6"},{"uuid":"1B06E1B1-F71E-4525-917A-E0FD69D9756C","objectType":"Mesh3D","name":"Cylinder 2","matrix":[0.9899930140035519,0.13680988368766747,-0.03459606841169245,0,0.13287513952952326,-0.8211758396085307,0.5549904843673018,0,-0.04751872808892612,0.5540336597794415,0.8311369768649458,0,144.2938281581865,-211.10549676563144,183.90278870553374,1],"castShadow":true,"receiveShadow":true,"layers":1,"hiddenMatrix":[1,0,0,0,0,1,0,0,0,0,1,0,-128.65424842982858,245.45351068319374,-174.41050395316302,1],"interaction":{"uuid":"B2330C48-610A-4014-9D9E-7C07612D7C3D"},"geometry":"D8625080-B852-4E6E-9A32-00E34E945EAA","material":"3974F5CC-6C35-4BF1-9E93-D7B2CB3398A6"},{"uuid":"9BEE1524-3A6C-44F2-9A62-77DB34B49133","objectType":"Mesh3D","name":"Cylinder","matrix":[0.7031981379536003,-0.7100486052827943,0.036651833713452056,0,-0.6775296960884724,-0.6848388543068747,-0.26823358206965864,0,-0.21555948064713254,-0.1637886496910454,0.9626564228921525,0,117.81956925524722,-223.95229595857657,164.4808091380948,1],"castShadow":true,"receiveShadow":true,"layers":1,"hiddenMatrix":[1,0,0,0,0,1,0,0,0,0,1,0,-128.65424842982858,245.45351068319374,-174.41050395316302,1],"interaction":{"uuid":"ED25231E-3CCB-4AB3-B6FC-FCF6235DC4D7"},"geometry":"3C9C6B24-D4B9-48F3-B0A4-60CFC153F0DD","material":"8E116E7A-E464-4EDA-B284-7DD968549537"}],"hiddenMatrix":[16.81545979178731,0,0,0,0,16.81847197767416,0,0,0,0,16.81051817478731,0,-417.0951860635035,4625.321565778612,-4262.6851907305645,1.0000000000000002],"interaction":{"uuid":"FF929524-21A3-42E4-9BFA-468DC07A2F09"},"enableHelper":true},{"uuid":"5301967C-BC83-4945-8A23-2FBCBBAFB424","objectType":"EmptyObject","name":"Empty Object 5","matrix":[0.5202274556292568,0.010230452190901174,0.14625849371962524,0,-0.02284858272306016,0.5317223019344257,0.04407744331303127,0,-0.14626878532676227,-0.04970109089418937,0.5237405412474422,0,-176.22066740494145,-313.75068124461734,-249.19761171775278,1],"layers":1,"children":[{"uuid":"C6F794CA-4119-4970-BE2C-5BC5B6AD516E","objectType":"Mesh3D","name":"Cylinder 4","matrix":[0.9730121129568635,-0.2281075346926132,0.03484796487179473,0,-0.21154566083738122,-0.8214633950295808,0.5295718308288093,0,0.0921729972395545,0.5226517418348002,0.84754899288296,0,113.67932657866488,-279.31286342812774,183.70790185935198,1],"castShadow":true,"receiveShadow":true,"layers":1,"hiddenMatrix":[1,0,0,0,0,1,0,0,0,0,1,0,-128.65424842982858,245.45351068319374,-174.41050395316302,1],"interaction":{"uuid":"06C91628-9E67-4889-B89C-B79D8C39E3D2"},"geometry":"ECAA25FE-CAEB-4116-891B-DB6CE161F68B","material":"C01EDC04-DA14-4E8D-964C-F4829C902641"},{"uuid":"0C81B209-16F3-40E0-9F6A-7DE67131BFBE","objectType":"Mesh3D","name":"Cylinder 3","matrix":[0.990785040321077,0.13179876868901264,-0.031210390065246545,0,0.12989686082715252,-0.8593687620833492,0.4945827901399285,0,-0.038364168480709115,0.49407936136556063,0.8685699599050021,0,122.08367791377843,-224.944493046365,194.9246380925114,1],"castShadow":true,"receiveShadow":true,"layers":1,"hiddenMatrix":[1,0,0,0,0,1,0,0,0,0,1,0,-128.65424842982858,245.45351068319374,-174.41050395316302,1],"interaction":{"uuid":"B69E9303-01D4-4ABD-952C-7DD55D198CC7"},"geometry":"C05527AF-F0C8-40FC-87CC-8FE60C3D8B9C","material":"392EA45B-6D33-4EE7-8AFF-091993ECCCB4"},{"uuid":"38C30337-C231-45AE-8A2B-405CC0E12B12","objectType":"Mesh3D","name":"Cylinder 2","matrix":[0.9899930140035519,0.13680988368766747,-0.03459606841169245,0,0.13287513952952326,-0.8211758396085307,0.5549904843673018,0,-0.04751872808892612,0.5540336597794415,0.8311369768649458,0,144.2938281581865,-211.10549676563144,183.90278870553374,1],"castShadow":true,"receiveShadow":true,"layers":1,"hiddenMatrix":[1,0,0,0,0,1,0,0,0,0,1,0,-128.65424842982858,245.45351068319374,-174.41050395316302,1],"interaction":{"uuid":"EC180B38-9E74-4C65-938F-E2F73782A789"},"geometry":"3F633A8D-075F-40C9-BD47-6CBBAB808127","material":"4EEF57FC-6D64-4183-A45B-7BED42A53CCF"},{"uuid":"88A9E681-D8B9-4CC0-A96A-815486CC47D7","objectType":"Mesh3D","name":"Cylinder","matrix":[0.7031981379